4.474916458129882812e-01
4.663105010986328125e-01
4.665966033935546875e-01
4.695363044738769531e-01
4.595730304718017578e-01
4.711747169494628906e-01
4.435737133026123047e-01
4.540972709655761719e-01
4.528141021728515625e-01
4.584672451019287109e-01
4.472677707672119141e-01
4.589381217956542969e-01
4.546513557434082031e-01
4.491488933563232422e-01
4.612598419189453125e-01
4.577798843383789062e-01
4.540545940399169922e-01
4.450237751007080078e-01
4.700067043304443359e-01
4.534058570861816406e-01
4.542329311370849609e-01
4.641187191009521484e-01
4.574716091156005859e-01
4.548480510711669922e-01
4.445645809173583984e-01
4.486079216003417969e-01
4.446692466735839844e-01
4.992389678955078125e-01
5.211153030395507812e-01
5.381016731262207031e-01
4.978187084197998047e-01
5.440704822540283203e-01
5.608468055725097656e-01
5.586674213409423828e-01
4.921138286590576172e-01
4.508574008941650391e-01
4.544727802276611328e-01
5.255463123321533203e-01
5.019464492797851562e-01
4.647650718688964844e-01
4.537220001220703125e-01
4.591259956359863281e-01
4.516773223876953125e-01
4.503667354583740234e-01
4.669518470764160156e-01
4.536101818084716797e-01
4.648666381835937500e-01
5.502772331237792969e-01
5.525910854339599609e-01
5.292418003082275391e-01
8.816683292388916016e-01
7.390353679656982422e-01
5.070297718048095703e-01
5.030980110168457031e-01
4.911501407623291016e-01
4.876234531402587891e-01
4.986016750335693359e-01
4.974572658538818359e-01
4.969274997711181641e-01
5.493016242980957031e-01
6.182286739349365234e-01
5.755724906921386719e-01
6.306428909301757812e-01
6.537725925445556641e-01
6.098241806030273438e-01
5.767450332641601562e-01
6.454992294311523438e-01
6.090621948242187500e-01
6.189088821411132812e-01
5.973997116088867188e-01
6.184995174407958984e-01
6.400065422058105469e-01
5.774450302124023438e-01
5.654666423797607422e-01
6.068909168243408203e-01
5.918645858764648438e-01
6.042604446411132812e-01
6.288411617279052734e-01
5.473542213439941406e-01
5.777418613433837891e-01
6.130230426788330078e-01
6.063773632049560547e-01
5.950834751129150391e-01
6.146564483642578125e-01
5.944910049438476562e-01
5.910656452178955078e-01
5.903232097625732422e-01
6.009831428527832031e-01
5.925300121307373047e-01
5.767621994018554688e-01
5.633554458618164062e-01
6.219542026519775391e-01
6.157803535461425781e-01
6.160657405853271484e-01
5.988149642944335938e-01
6.435894966125488281e-01
6.414041519165039062e-01
6.119890213012695312e-01
6.613190174102783203e-01
6.656379699707031250e-01
