45 39 43 53 39 2 7 92 74 43 82 2 32 51 95 48 50 8 81 70 99 95 14 28 49 88 8 5 1 1 2 9 34 97 39 48 85 53 78 58 24 5 82 61 10 88 46 42 37 23 90 55 68 0 66 52 23 12 23 42 26 66 82 70 27 26 45 18 5 68 56 74 37 72 8 23 65 25 74 23 44 24 78 13 22 52 80 94 72 62 93 98 51 0 95 2 25 70 55 93
80 29 73 14 80 94 37 77 36 78 61 38 81 82 29 95 59 22 17 15 73 36 93 90 8 83 7 71 77 79 41 1 38 95 20 51 100 69 83 31 39 24 92 41 99 13 10 40 21 5 63 3 68 80 89 74 8 80 35 99 71 60 52 61 42 53 9 44 68 92 75 74 50 16 33 85 19 88 54 67 9 6 10 7 20 7 74 37 94 49 46 94 98 72 53 15 37 27 52 29
9 33 6 52 27 85 74 48 13 82 95 79 35 55 54 86 79 15 91 52 14 72 75 0 63 67 85 16 26 68 40 90 56 28 60 37 81 80 56 51 63 25 90 48 94 24 44 69 5 56 11 88 57 80 62 3 54 100 23 3 49 65 16 29 6 20 9 12 81 10 53 97 21 76 35 95 67 75 35 78 34 19 55 35 19 48 57 16 88 90 85 86 44 36 63 5 16 74 24 20
83 84 10 43 31 22 22 4 30 57 27 30 58 81 29 33 27 50 43 11 65 21 60 76 77 6 2 26 93 51 68 35 89 16 50 71 49 73 70 44 76 74 81 81 65 64 82 98 19 60 39 93 66 28 84 86 8 40 41 18 100 13 30 80 39 18 77 6 7 14 77 39 89 25 29 68 74 5 26 74 80 22 52 99 26 14 40 31 16 84 54 45 0 4 61 74 56 94 9 57
47 3 80 57 30 6 23 78 88 97 85 39 44 28 96 58 91 32 62 67 40 64 88 42 67 29 89 51 39 82 36 32 54 97 9 87 71 99 86 94 50 18 37 55 50 45 2 51 36 41 45 55 79 23 38 6 93 25 93 20 54 1 1 15 2 18 90 77 20 79 21 90 41 15 53 17 67 94 75 86 61 18 80 36 3 5 89 98 74 28 76 67 35 5 39 40 85 54 94 61
28 33 89 37 75 44 33 41 93 42 8 53 87 92 60 66 79 42 99 17 56 22 69 17 46 50 79 49 51 8 27 37 40 19 25 29 35 61 36 13 48 79 61 98 83 8 68 67 62 38 27 16 12 43 12 59 3 2 98 81 61 35 45 75 85 50 76 83 91 99 11 82 7 61 72 45 28 9 46 32 26 47 29 29 67 64 10 59 21 18 83 58 53 12 59 58 17 67 71 67
20 33 67 14 80 4 6 90 81 14 39 5 23 100 15 20 52 95 99 52 88 85 24 57 40 25 49 32 6 78 53 37 61 28 54 7 11 12 90 46 63 7 1 44 2 93 38 81 81 4 54 33 57 24 1 25 6 61 11 92 61 37 8 11 39 58 12 43 98 41 41 62 80 44 0 32 92 41 15 75 97 91 49 1 55 91 17 13 95 78 11 39 93 97 54 67 10 46 100 89
15 82 24 47 71 96 27 65 61 70 96 64 28 35 82 70 34 43 8 90 57 39 43 11 75 51 26 44 2 55 4 76 27 39 97 67 24 85 72 77 3 10 25 89 67 96 28 86 42 36 68 51 53 26 13 100 36 88 88 32 53 43 68 51 93 95 9 69 39 55 86 70 18 1 64 26 77 38 54 92 36 80 21 16 45 46 88 30 83 65 47 40 30 12 2 88 31 89 22 96
48 95 89 91 33 5 51 69 88 1 100 96 3 20 74 20 61 3 88 47 92 84 56 71 3 95 85 40 27 54 50 5 44 10 77 0 86 83 84 49 2 22 93 22 96 87 79 64 85 43 34 19 39 78 15 24 35 43 31 9 56 13 3 87 68 5 18 33 76 80 83 35 2 71 72 37 28 5 58 71 24 74 10 2 68 19 24 28 45 4 88 7 45 62 83 86 73 86 32 83
26 38 52 97 17 46 91 9 52 8 65 81 16 71 4 50 53 12 34 47 71 9 40 29 86 47 90 75 94 88 18 44 100 79 14 62 48 93 33 50 92 51 53 41 95 46 57 29 34 45 9 94 68 73 66 9 86 17 72 100 11 24 63 34 40 12 56 12 60 30 4 61 68 77 15 99 2 34 10 47 98 4 53 7 91 27 2 89 95 62 69 61 88 95 84 53 38 3 14 61
73 23 2 86 91 81 35 97 41 25 17 30 93 41 89 81 53 21 78 92 87 19 35 26 4 51 6 76 37 30 96 75 89 60 82 14 58 55 27 61 74 63 28 46 99 11 54 69 43 72 36 27 33 17 43 41 16 10 6 9 6 78 91 82 3 55 48 11 70 84 20 27 86 6 93 13 59 85 34 51 94 19 5 52 98 40 36 38 33 79 79 48 48 16 9 67 79 4 31 52
27 87 4 29 95 73 57 48 26 51 36 75 14 55 100 42 38 68 50 81 83 70 69 23 9 39 9 27 61 34 22 25 53 36 86 86 9 12 30 69 25 55 15 63 56 5 89 84 21 94 56 35 49 66 6 37 67 33 88 28 12 90 49 13 46 75 31 83 86 93 23 71 2 89 76 87 22 42 32 63 86 81 49 21 18 79 12 55 58 37 99 30 30 38 17 6 97 46 48 94
69 46 24 25 14 3 36 97 88 19 15 53 38 0 94 60 60 2 31 12 64 91 75 63 59 37 66 24 20 51 43 59 48 92 11 0 75 44 89 91 85 40 21 23 20 33 27 20 32 50 33 99 50 60 0 70 17 37 5 52 62 62 11 100 34 8 62 20 42 26 75 27 40 27 20 25 29 82 21 25 93 89 16 90 91 52 17 8 100 19 73 75 99 7 19 65 58 44 87 60
26 59 89 91 30 46 98 63 53 91 81 38 54 44 70 29 66 15 57 70 10 98 2 48 15 32 54 14 46 42 86 54 49 57 51 68 43 35 46 91 63 98 91 13 84 80 38 62 32 75 20 24 86 53 60 47 53 6 63 96 61 6 53 13 78 10 24 99 0 40 2 84 2 61 32 58 22 9 78 55 71 93 93 100 60 92 40 51 83 11 70 42 20 23 49 38 4 23 6 5
51 66 71 83 62 84 4 98 15 13 32 23 40 19 40 43 71 45 20 32 73 90 26 11 88 56 6 9 29 12 95 52 16 78 6 64 25 24 3 92 88 46 3 25 67 82 46 48 15 55 68 35 55 61 16 49 61 8 75 23 97 54 34 31 9 39 72 59 18 44 63 60 65 42 44 44 47 69 48 86 67 73 86 61 98 92 53 90 94 63 73 6 28 48 83 83 43 71 6 54
71 50 85 94 29 75 49 11 80 13 52 48 36 1 75 40 37 84 1 65 11 99 19 69 45 41 75 4 37 86 2 16 96 52 40 38 64 51 41 25 65 39 40 16 24 77 89 63 52 35 12 5 58 41 86 94 14 15 79 9 66 98 84 83 45 63 67 2 61 68 39 20 53 7 98 94 6 97 92 70 5 75 72 84 68 61 19 60 90 75 67 57 32 35 50 38 78 27 85 10
5 16 94 17 97 59 73 17 32 8 4 7 71 99 70 11 0 56 18 55 35 74 49 42 29 34 71 82 66 3 82 8 98 65 31 79 28 60 87 46 80 26 8 18 96 99 92 22 60 44 59 24 3 12 3 83 62 98 84 51 23 36 76 78 94 66 38 39 22 31 94 43 94 98 64 17 10 65 62 9 45 20 18 94 66 19 47 88 8 91 33 62 26 66 87 77 43 50 13 81
38 84 73 22 41 56 62 52 97 71 70 66 11 21 18 99 36 17 1 90 51 67 53 47 9 52 87 72 82 62 17 0 57 31 10 1 7 77 1 40 89 41 42 61 5 19 15 33 67 79 32 12 38 32 76 10 65 36 62 100 92 76 63 59 19 89 17 16 23 16 66 5 62 97 51 31 64 92 26 17 38 99 0 1 3 77 89 86 38 74 61 51 51 77 25 5 4 34 66 74
6 46 96 65 14 47 15 85 83 41 34 49 52 82 29 30 72 28 81 95 51 0 43 37 3 58 68 52 86 92 67 98 42 14 55 39 2 89 82 1 100 87 62 3 38 66 54 71 29 67 44 16 60 17 10 78 53 29 1 16 47 86 87 40 25 58 29 66 56 20 29 63 72 58 46 13 6 48 53 23 17 28 48 72 29 70 95 2 23 66 16 57 58 56 4 70 0 67 50 95
20 43 34 14 53 89 3 100 37 90 78 80 58 90 69 93 7 85 85 92 57 21 67 78 25 51 6 11 87 30 8 11 52 79 95 13 96 38 56 36 19 14 29 72 38 17 25 68 45 19 37 44 10 55 27 8 76 93 24 93 78 79 29 36 63 99 27 56 89 84 50 98 32 23 43 75 82 37 22 11 60 90 82 42 76 13 40 98 84 12 5 83 50 96 93 22 13 84 64 53
62 45 11 70 73 74 89 23 48 41 28 11 61 26 29 32 71 55 19 10 22 23 69 86 78 69 54 0 30 29 84 70 23 97 95 23 19 67 73 94 86 3 97 48 33 99 9 74 53 46 56 11 15 69 16 95 63 76 20 83 73 78 55 60 35 15 98 55 47 12 52 75 46 3 13 98 58 75 83 77 50 68 98 85 62 16 71 18 5 83 11 27 77 20 31 69 68 87 85 33
34 65 28 24 11 0 59 2 25 17 89 52 66 41 23 93 55 98 94 34 49 82 97 99 25 67 70 37 81 49 94 52 54 17 25 42 85 54 41 80 94 78 40 0 31 91 21 45 42 38 55 20 15 22 5 74 59 1 17 11 60 27 37 95 29 42 27 17 7 14 77 34 3 7 97 50 58 43 10 63 50 66 20 25 56 10 69 3 100 40 56 52 73 53 1 3 15 29 57 12
97 76 31 29 57 88 97 61 4 82 68 63 64 18 12 65 60 70 68 8 84 86 59 36 34 58 0 54 97 96 25 76 35 97 34 44 3 0 33 71 0 67 3 37 3 76 41 69 1 40 65 68 71 98 47 0 45 11 8 75 40 100 90 41 56 98 69 79 66 14 43 7 36 0 39 99 20 20 67 92 73 15 94 23 10 91 8 82 60 27 44 6 68 51 27 72 4 46 81 94
51 47 26 52 42 81 28 48 38 43 47 73 12 19 4 40 35 87 52 26 59 91 91 66 91 53 15 13 33 96 53 47 5 86 16 21 4 89 54 43 72 28 14 75 51 0 90 38 51 3 39 80 20 48 94 4 50 29 61 16 16 86 76 93 54 76 76 83 73 78 94 71 90 6 79 71 94 54 80 2 18 23 1 87 85 11 9 57 3 26 46 69 1 46 93 30 86 17 85 8
9 60 83 27 77 74 59 11 38 77 48 97 13 21 33 11 45 6 83 27 44 35 66 18 89 52 94 56 57 35 48 67 86 87 70 66 46 33 89 31 87 49 58 66 58 28 8 9 30 35 22 65 49 13 48 51 39 33 61 13 43 86 22 34 97 53 49 68 84 95 14 81 99 1 9 11 45 10 25 58 57 61 7 24 7 94 24 41 30 22 7 99 33 95 81 38 71 10 60 94
64 39 48 45 41 22 76 31 4 74 96 25 4 95 2 60 16 74 85 83 37 56 54 99 98 46 51 56 34 95 29 32 83 46 0 65 86 18 25 42 98 64 98 10 95 69 46 7 71 38 97 0 42 50 64 26 73 37 39 19 36 65 85 8 22 87 49 6 82 26 33 41 79 7 12 8 23 8 32 34 13 22 52 5 82 66 68 5 91 85 5 58 96 45 23 49 28 11 43 29
90 13 22 23 52 58 84 69 94 5 52 70 61 59 23 53 56 82 67 93 60 35 42 95 86 3 38 98 2 22 93 41 68 88 75 48 16 93 2 74 100 48 77 5 2 11 47 42 30 2 18 68 69 87 96 75 65 34 26 3 7 1 45 81 8 15 16 16 73 75 2 52 11 25 40 51 87 83 98 95 77 38 14 6 73 7 40 50 46 62 15 95 30 32 93 49 7 63 74 90
4 33 65 32 70 57 93 10 48 53 87 77 73 58 38 55 64 68 53 83 83 98 43 72 34 63 35 28 34 87 79 67 97 63 74 15 59 15 17 24 54 75 68 96 91 75 63 74 97 76 77 54 98 75 4 48 15 92 62 65 26 27 12 80 60 93 11 82 46 23 46 21 73 20 75 19 84 0 3 34 71 79 87 99 46 92 24 81 31 30 6 41 63 20 67 12 96 20 40 63
9 30 71 90 48 15 57 82 78 100 65 81 43 17 66 23 87 70 13 46 4 7 77 79 40 20 25 57 21 4 85 78 34 8 22 1 93 19 2 2 65 16 53 90 26 2 47 60 32 15 26 27 95 33 13 33 60 73 9 92 7 16 0 80 80 84 30 63 69 3 1 15 68 62 46 24 86 71 9 64 89 19 48 11 75 81 44 71 5 4 32 87 4 52 96 78 83 36 7 40
76 14 59 66 7 29 52 100 39 74 9 47 71 45 38 15 10 41 29 34 90 94 23 23 72 80 30 43 35 43 19 59 54 76 2 20 57 18 23 0 75 79 64 8 39 98 16 11 14 31 82 19 40 77 69 21 0 37 27 31 1 40 52 8 61 63 12 41 90 0 86 68 97 57 15 25 22 82 60 41 27 16 60 88 88 15 92 6 98 48 38 40 35 43 68 25 73 39 83 48
65 26 98 85 20 2 80 11 1 79 18 92 78 83 63 40 13 18 79 4 33 99 81 24 56 25 21 80 8 37 71 61 25 25 60 10 73 78 93 38 57 71 32 91 90 36 37 50 15 40 95 66 95 5 68 38 8 90 92 2 14 96 7 69 64 81 0 47 77 16 34 19 95 94 0 8 20 40 5 76 3 25 64 58 28 28 51 46 46 67 44 35 82 95 35 46 54 92 5 96
49 54 63 9 44 19 20 46 97 36 37 19 47 10 21 77 8 49 20 56 44 92 43 11 29 88 75 100 44 26 69 36 80 95 90 100 30 50 9 80 84 63 20 34 15 3 40 71 38 15 19 4 12 52 94 94 42 50 28 58 34 44 85 58 100 2 5 48 28 48 29 62 69 78 13 3 11 91 55 29 32 90 54 88 7 8 80 40 52 77 19 44 67 26 55 32 65 60 54 93
37 56 19 95 15 42 41 79 53 75 4 39 86 17 33 98 53 20 34 29 75 94 79 62 46 18 36 2 79 90 54 71 19 95 68 99 62 42 98 97 35 33 31 97 98 42 69 85 92 82 94 60 26 86 42 71 40 62 55 24 85 38 22 56 84 14 46 19 10 21 96 91 36 43 27 2 27 15 62 50 88 69 92 1 49 19 94 17 100 80 97 75 36 76 53 34 42 38 23 6
49 18 53 20 88 40 61 38 65 98 0 11 27 5 55 16 26 39 25 31 83 96 44 65 37 69 23 72 52 29 42 12 12 3 34 18 63 21 80 7 45 72 40 88 2 55 74 88 52 80 66 13 86 64 48 58 38 26 85 65 95 88 73 25 83 1 45 33 79 63 82 92 60 68 73 14 10 8 35 2 22 31 80 93 89 50 63 45 49 17 58 51 29 18 96 87 56 84 4 44
92 82 22 81 46 41 46 86 33 42 29 49 84 6 97 65 14 77 89 93 100 51 18 63 22 4 34 5 36 24 6 61 36 73 10 12 63 72 45 23 29 59 10 37 32 10 42 14 38 59 63 36 35 29 73 76 98 49 79 35 82 57 86 46 94 46 94 6 94 49 97 87 25 14 44 20 66 41 66 91 56 95 98 81 40 34 75 17 82 77 3 60 73 77 17 9 11 99 88 15
26 37 86 63 39 14 95 70 21 57 92 45 78 28 64 7 35 34 65 92 14 45 90 91 100 41 25 95 10 86 82 92 61 27 64 28 28 24 29 10 53 75 36 61 85 74 77 31 20 50 9 100 13 47 96 61 45 93 60 15 53 52 10 4 6 54 19 38 52 60 41 77 50 40 62 71 88 83 68 8 87 28 51 30 63 62 49 46 39 98 27 45 34 31 97 60 96 97 50 39
0 80 2 33 89 52 94 8 49 74 23 9 1 33 22 2 22 35 16 94 72 0 66 19 36 67 51 13 2 94 41 56 88 56 10 99 27 15 21 47 57 53 92 65 10 89 85 77 48 81 41 70 37 11 49 44 83 16 82 100 28 96 61 32 33 1 36 32 80 34 58 30 3 55 72 69 35 41 75 56 28 55 64 32 19 46 71 73 52 28 76 90 11 0 51 36 24 9 72 73
87 0 8 91 73 87 64 96 78 25 89 100 5 19 45 99 2 93 97 98 55 66 13 5 81 79 5 8 67 58 6 78 100 58 65 26 41 48 78 1 27 28 5 54 17 86 57 23 88 77 2 41 97 80 16 24 100 32 45 62 47 14 91 65 28 100 24 34 22 33 65 15 15 55 98 82 91 81 47 66 4 17 97 28 15 27 46 22 13 31 14 96 42 66 92 7 65 7 1 87
78 20 98 28 10 90 36 20 14 11 58 61 67 79 88 82 32 33 5 27 100 34 2 13 90 41 47 16 56 66 73 37 95 57 75 21 88 2 18 38 22 9 21 63 15 10 80 42 33 5 71 71 56 5 15 88 17 73 84 93 93 24 47 4 30 68 67 73 28 69 88 12 6 80 0 14 65 55 53 81 49 86 14 87 30 91 47 1 96 40 28 91 25 0 100 83 0 95 29 53
96 3 56 16 3 75 38 51 64 6 32 57 99 2 90 51 88 77 24 35 68 8 97 73 96 25 38 48 36 37 96 59 44 59 32 83 28 93 81 88 30 63 89 52 27 78 32 22 72 45 100 70 21 65 42 36 9 37 78 83 78 74 45 65 40 51 23 12 98 27 81 9 27 81 76 88 55 92 36 73 100 50 19 26 63 0 27 44 37 22 99 42 28 29 85 95 98 62 13 46
71 39 24 17 85 79 69 64 81 53 33 10 22 58 54 4 48 6 46 52 54 46 37 46 97 18 11 90 12 73 53 9 93 80 18 34 78 39 44 39 87 37 47 75 46 64 1 3 92 10 29 61 64 43 3 51 90 56 15 84 22 35 98 5 94 65 17 53 41 93 8 56 55 62 27 13 88 41 29 17 8 92 77 92 79 59 75 68 16 79 51 82 33 46 12 46 7 53 31 38
83 37 0 10 15 40 99 19 57 72 37 55 70 29 4 86 10 2 56 45 27 88 19 6 3 96 58 1 96 88 30 71 93 29 35 48 73 12 50 79 76 25 62 73 93 99 53 79 92 96 81 71 1 86 42 10 9 49 23 28 22 93 22 19 72 85 12 14 29 63 83 14 3 59 20 85 86 43 64 68 97 15 83 57 100 96 35 58 18 51 22 15 44 3 98 70 54 92 75 25
6 69 46 80 43 88 97 49 18 48 97 97 43 90 52 70 50 92 96 34 30 79 3 14 50 12 48 92 91 62 8 100 96 98 37 92 8 18 67 36 54 20 75 19 59 22 30 17 63 4 94 21 9 51 38 54 67 42 15 12 79 10 47 3 30 14 81 14 31 65 85 19 39 92 59 27 8 30 33 75 97 86 68 41 24 69 3 47 85 6 33 20 90 28 75 65 17 36 7 42
6 62 62 17 32 10 47 55 41 34 77 27 40 56 90 47 21 56 88 94 12 88 95 36 71 7 44 54 64 79 11 24 2 35 8 84 28 79 94 74 16 65 49 92 22 7 0 72 48 85 79 53 69 93 99 67 77 5 98 89 96 66 77 78 27 2 13 2 56 53 31 65 56 26 75 91 35 40 15 77 19 28 13 17 84 24 57 51 20 85 17 83 15 9 76 39 97 37 91 34
2 48 63 33 54 50 63 82 40 54 92 67 20 57 35 33 46 90 68 75 81 9 64 56 98 83 29 75 26 72 31 34 88 80 22 46 7 43 12 34 17 49 11 4 56 34 71 62 38 52 62 17 60 11 18 16 0 79 95 86 9 56 51 75 93 99 6 56 41 97 28 39 31 34 80 8 25 19 55 19 35 56 49 37 85 18 14 86 64 34 50 3 3 26 74 67 95 34 27 26
26 67 65 50 26 84 91 27 30 24 60 96 7 98 21 64 75 23 40 29 68 55 57 60 38 2 61 43 10 71 75 15 50 20 100 78 87 97 6 26 35 52 96 4 88 20 65 67 15 71 74 6 58 5 7 78 65 99 83 54 81 86 46 78 29 66 37 2 76 90 54 43 49 95 92 79 6 4 41 66 29 38 49 11 56 17 85 83 11 81 84 100 6 49 42 87 46 5 13 67
65 15 65 78 35 17 60 17 53 83 40 6 14 43 64 17 11 49 28 51 31 60 15 85 61 62 23 14 42 24 63 25 29 46 29 82 10 14 58 11 13 44 30 53 29 42 74 6 95 49 84 10 2 34 82 52 34 46 65 48 18 45 32 24 37 96 16 92 18 87 54 33 44 99 22 55 9 91 62 70 33 47 69 77 67 92 2 7 55 30 14 56 15 49 91 42 3 43 48 19
72 51 87 30 15 65 41 17 29 7 38 13 73 85 81 6 55 33 22 8 38 88 6 72 79 30 0 18 21 60 47 62 67 95 32 1 20 65 80 36 20 65 85 87 81 31 18 52 51 55 25 93 50 69 22 66 84 59 75 60 47 55 50 31 26 75 42 15 91 56 38 86 59 13 44 47 16 89 40 17 40 94 57 78 11 8 25 78 60 59 87 93 23 81 73 9 44 7 13 19
19 88 5 49 99 13 93 11 22 85 100 60 54 43 79 80 37 31 82 75 31 12 3 57 83 49 44 81 6 80 13 72 24 6 83 70 42 6 96 23 2 83 18 69 78 41 18 19 31 9 92 72 40 26 28 50 37 60 65 53 5 33 28 1 96 54 87 25 100 22 21 47 79 30 1 90 27 12 10 18 59 32 91 96 86 92 54 18 55 28 86 12 63 0 12 95 3 91 42 57
62 52 67 86 12 12 69 69 67 44 50 75 100 92 62 93 52 24 79 75 55 49 5 33 63 95 0 15 67 48 51 54 13 6 18 7 9 52 30 64 4 72 88 77 63 28 23 81 88 89 33 30 89 43 23 56 94 28 94 55 1 24 50 48 16 29 34 72 50 89 86 76 48 34 56 53 18 78 14 52 9 37 92 32 18 73 14 25 49 27 8 70 35 57 2 11 28 92 39 22
80 77 19 93 23 40 15 41 63 80 43 51 1 62 87 88 12 68 69 39 40 81 46 19 48 28 77 6 82 36 62 23 69 82 22 34 94 28 19 74 46 79 56 55 89 43 9 22 50 50 83 68 67 3 93 51 58 39 93 22 65 36 71 70 18 74 97 14 35 73 52 24 45 46 93 52 87 16 59 1 19 9 96 92 4 34 26 20 93 51 66 70 85 1 72 78 45 60 26 84
1 26 50 66 31 99 33 100 13 49 60 82 6 89 50 35 46 23 81 54 12 30 78 61 12 100 32 57 35 38 71 95 6 64 30 19 62 97 53 41 10 97 35 85 43 62 37 79 31 83 13 5 46 35 40 29 99 33 22 9 0 57 43 5 74 88 37 21 73 17 17 5 12 27 47 67 39 55 100 71 82 69 75 38 12 70 39 65 12 60 93 69 92 68 73 60 86 32 98 91
14 52 60 97 51 4 80 59 89 89 21 18 98 8 16 11 6 93 63 54 7 21 68 38 26 71 15 46 69 53 26 13 99 44 6 9 89 79 87 55 85 76 38 39 74 45 96 83 71 34 19 55 15 19 1 84 65 67 53 6 83 73 12 86 84 40 66 58 71 88 5 86 49 84 36 87 0 48 53 66 44 39 10 8 61 33 21 77 71 32 68 100 81 92 7 74 31 79 0 7
39 5 56 50 99 8 24 5 86 84 20 16 59 24 37 75 17 60 9 51 38 7 67 13 37 40 61 78 72 98 24 43 28 63 52 16 5 8 6 90 82 74 4 63 22 25 7 39 37 48 18 74 77 23 92 12 25 8 21 11 34 81 33 41 49 20 47 20 88 70 8 50 64 0 11 13 81 41 27 69 74 27 87 49 0 60 63 100 55 94 48 31 64 74 2 58 45 22 52 33
26 37 78 66 54 73 37 70 82 66 53 73 47 53 57 71 75 84 55 54 36 42 25 45 10 23 64 80 44 79 89 55 9 89 92 100 7 20 99 39 17 51 97 41 77 75 74 85 6 23 67 41 44 61 70 12 3 98 38 18 58 51 48 47 15 28 53 32 72 14 92 26 79 91 0 5 76 66 1 67 18 72 73 62 90 28 46 7 16 13 16 66 95 34 84 60 92 13 48 23
50 18 32 4 88 25 6 40 6 9 54 33 22 3 39 41 19 13 25 54 13 55 83 67 45 5 29 49 23 88 89 6 46 0 92 50 28 8 3 47 100 78 80 50 50 55 100 91 38 63 4 72 74 19 89 53 22 53 36 66 64 76 46 86 12 7 75 80 27 27 95 52 76 2 40 29 69 43 13 28 76 95 2 7 8 91 52 71 7 58 5 37 85 79 94 67 59 60 15 48
59 95 31 4 66 20 57 52 95 9 43 86 28 26 21 29 98 40 58 19 47 82 56 32 12 49 30 65 62 15 21 93 47 19 59 49 53 96 91 9 6 80 66 10 5 7 2 94 21 6 76 31 73 83 63 22 80 7 27 58 91 82 55 13 23 86 73 29 88 0 84 41 100 33 18 76 11 25 73 69 4 12 53 80 39 27 56 54 48 11 37 63 10 90 92 20 2 1 12 24
82 73 29 39 58 22 18 84 2 60 30 85 76 69 37 52 67 30 37 43 93 84 75 23 43 95 61 90 69 22 15 3 12 83 32 17 87 4 46 91 67 72 22 64 55 50 57 51 20 82 49 13 58 11 98 42 72 60 18 77 67 37 30 48 76 24 33 35 48 37 95 85 3 62 38 88 77 43 15 100 42 18 66 17 14 11 29 44 42 38 15 33 37 25 48 86 67 18 51 52
92 84 32 88 83 52 87 82 32 24 58 88 61 51 53 23 59 24 30 10 55 32 10 24 17 6 78 0 53 68 77 13 88 94 100 7 15 12 33 91 92 23 86 3 41 53 70 19 78 51 40 54 52 79 73 5 62 11 11 68 69 64 11 20 33 8 70 45 53 43 49 49 73 31 58 17 15 38 89 71 50 26 27 77 70 63 97 99 29 78 47 26 51 51 8 82 82 38 5 91
31 59 60 24 44 65 47 99 27 60 21 62 95 53 62 61 14 31 1 76 94 43 83 75 51 85 9 56 63 69 10 61 3 23 56 79 48 18 51 25 71 71 57 35 57 58 83 85 46 93 4 43 96 90 100 8 80 9 1 11 12 81 16 82 81 19 1 49 59 66 32 54 33 91 37 4 72 26 7 89 5 8 83 31 77 86 42 56 90 70 96 72 7 29 32 49 56 41 15 32
91 5 11 66 17 62 99 21 83 6 38 53 84 60 59 28 63 9 70 14 78 20 18 3 59 81 5 44 7 58 58 43 25 18 47 27 11 94 75 85 4 78 18 42 35 43 94 58 91 51 78 91 59 69 79 72 40 69 10 78 66 7 2 22 24 17 19 99 58 80 65 1 43 4 77 85 84 96 77 85 48 100 66 92 44 44 82 74 62 75 75 46 36 33 93 62 21 97 69 65
30 38 46 9 94 13 1 40 48 54 72 82 19 62 70 15 55 78 7 43 58 51 38 35 16 22 8 80 80 70 25 19 95 92 13 89 86 22 14 88 54 38 25 51 35 59 73 12 49 56 40 30 40 87 20 11 39 45 21 9 45 29 15 34 12 80 44 85 46 96 70 37 22 98 0 23 63 83 35 5 32 91 89 98 100 25 64 99 8 23 94 93 3 18 61 65 49 13 26 68
53 37 18 62 32 74 7 21 43 85 60 36 5 57 65 65 33 91 11 60 86 26 7 80 78 1 10 87 89 81 97 97 92 40 40 4 11 57 86 62 70 18 52 67 41 17 38 83 2 46 90 84 45 81 14 0 38 21 24 4 99 89 25 40 45 36 29 47 59 96 46 6 42 46 12 54 1 2 39 21 18 54 85 10 79 64 19 95 19 100 72 9 44 54 7 33 56 70 16 69
74 48 16 17 69 57 8 65 58 94 25 44 24 77 24 65 49 96 69 49 52 65 42 64 1 33 74 84 96 18 83 36 67 22 56 48 86 92 27 39 55 36 80 61 36 47 66 3 74 26 24 88 61 6 61 51 52 97 93 75 63 11 77 1 13 7 35 77 67 43 32 73 61 100 83 44 76 67 44 64 73 34 77 82 56 51 92 60 59 63 60 76 56 52 60 74 92 53 43 53
11 86 95 3 78 23 31 50 87 94 83 29 98 98 10 81 27 95 7 18 29 62 67 25 76 66 11 39 5 83 84 97 54 2 35 1 73 67 77 2 21 54 4 37 81 4 49 20 85 40 86 24 65 15 51 73 7 5 94 12 51 4 38 29 10 59 32 85 73 25 99 22 10 14 20 65 27 88 8 14 84 26 19 88 21 78 99 55 12 70 42 24 76 100 31 37 64 79 47 93
20 41 85 99 15 97 96 1 67 30 26 75 85 71 60 54 25 89 60 29 5 82 94 18 22 69 10 15 12 58 10 18 13 12 19 96 74 70 3 23 28 49 17 4 34 21 31 45 30 4 13 51 77 21 95 68 6 27 90 61 86 73 74 99 52 64 61 40 46 46 2 60 77 53 83 100 82 3 79 34 52 77 4 59 61 94 56 36 97 90 68 76 13 22 39 4 47 34 68 95
14 74 65 95 71 36 60 50 43 5 57 24 87 6 80 70 41 52 59 95 48 68 39 88 14 96 20 81 59 26 6 36 62 67 41 90 37 23 38 52 7 61 28 62 37 47 56 88 67 32 1 75 46 78 21 84 32 81 51 61 92 49 28 40 59 69 64 13 14 19 87 10 53 68 80 43 42 33 21 49 85 4 80 91 62 42 33 36 40 28 34 72 11 13 77 58 50 94 8 79
42 100 97 8 63 90 4 32 7 82 7 88 7 28 68 78 5 99 35 66 60 44 55 49 92 30 47 24 59 45 45 37 16 3 54 88 6 84 35 70 31 57 88 2 4 60 79 16 35 94 48 86 24 8 39 47 27 79 80 75 31 65 74 20 37 35 48 5 3 23 49 22 1 72 98 97 54 69 22 87 0 95 77 80 4 95 76 38 90 40 9 89 11 99 15 26 58 19 69 20
30 40 59 22 22 62 99 69 78 41 18 70 78 11 79 80 18 87 99 7 42 100 29 61 68 66 82 28 62 47 74 19 33 55 15 92 11 84 71 44 27 47 49 31 36 66 1 68 46 96 78 82 68 52 79 45 22 91 46 56 12 97 78 26 8 44 96 30 25 94 28 87 13 7 35 7 53 3 14 0 60 87 45 90 93 17 50 83 43 27 96 58 12 68 45 75 9 4 39 93
8 73 64 12 42 40 54 74 97 38 34 98 89 53 16 2 47 98 90 3 32 14 26 54 62 90 51 46 11 28 1 26 68 64 94 61 77 79 37 96 4 77 99 41 9 60 3 57 62 36 20 72 64 6 81 34 95 24 2 5 27 18 55 57 33 29 0 73 0 21 65 11 50 80 29 63 23 26 64 13 86 74 25 59 66 21 44 10 66 37 16 12 97 100 2 40 83 88 90 0
100 1 55 40 46 5 39 38 85 8 54 18 41 50 64 59 98 90 91 51 86 57 49 20 55 24 58 51 77 85 22 50 35 44 57 91 0 76 92 24 97 82 7 56 64 74 74 53 77 88 95 94 58 100 94 28 54 36 72 78 20 56 98 18 7 70 24 33 86 68 70 66 81 64 63 41 4 46 72 1 40 59 39 57 16 54 37 23 40 66 31 62 99 37 23 25 28 54 52 36
74 19 76 8 28 44 44 89 76 53 49 3 100 38 50 92 90 65 45 62 80 28 81 89 5 76 4 30 68 41 43 21 81 77 54 4 9 82 45 61 13 89 19 82 83 60 55 87 0 59 22 91 47 33 34 65 90 92 5 31 52 30 54 29 27 62 6 84 53 91 59 19 0 85 64 89 13 77 1 37 20 55 97 0 15 56 88 49 62 91 33 97 92 91 58 100 6 16 10 36
58 24 28 18 43 51 99 64 94 32 54 40 77 74 22 10 3 92 19 71 16 17 20 19 50 5 72 72 4 91 31 20 10 53 19 10 51 90 14 16 62 74 92 49 85 55 9 24 8 90 7 38 30 32 13 27 28 98 19 24 15 23 64 45 96 31 86 18 14 15 96 88 18 39 84 5 68 13 50 92 64 54 91 85 65 8 67 28 94 3 96 34 24 89 42 62 58 93 74 72
7 1 94 96 82 40 37 59 75 89 82 12 82 48 84 19 73 71 53 98 23 37 17 64 75 96 3 54 76 56 38 29 61 97 90 38 1 1 87 0 65 76 55 51 24 89 60 18 71 1 92 25 29 22 25 53 83 58 46 76 11 95 66 42 42 28 66 80 61 24 2 87 47 22 49 42 4 5 98 84 14 28 42 47 26 12 19 37 54 18 76 78 8 81 98 44 46 95 96 85
42 81 89 74 76 79 65 4 52 40 98 29 71 36 11 41 71 45 31 12 3 42 79 92 4 8 6 75 3 36 72 20 35 17 86 72 68 1 73 95 23 61 20 78 68 71 18 8 56 87 21 41 94 10 88 18 71 31 74 90 85 22 17 56 98 31 53 12 12 95 40 58 39 41 99 50 52 61 36 35 26 75 85 84 55 55 26 0 5 58 87 11 66 50 34 80 83 77 1 8
64 77 66 90 5 42 19 27 45 82 7 58 97 29 73 61 39 12 79 52 90 56 6 92 41 8 21 4 38 45 21 34 14 25 11 68 51 92 10 39 68 49 40 10 57 43 0 64 91 62 67 86 29 67 0 59 70 48 92 85 53 67 97 8 54 65 36 9 62 62 46 66 45 52 95 75 35 14 4 11 36 32 71 3 80 13 95 9 46 36 77 19 91 90 1 94 61 67 70 50
76 6 32 28 39 87 1 2 59 43 78 25 10 7 4 27 92 94 79 26 33 77 26 53 86 54 12 96 78 38 10 95 7 30 91 100 29 100 15 92 81 76 80 58 24 51 36 75 69 63 14 68 44 81 57 34 62 46 64 47 29 7 83 41 83 50 21 35 82 8 52 51 65 84 54 98 13 5 6 26 67 84 36 14 59 55 28 47 9 73 22 86 53 43 28 30 33 19 99 96
57 8 55 62 34 21 30 29 40 84 55 40 25 21 92 80 14 41 5 41 50 38 67 75 80 23 15 77 89 12 52 97 86 96 76 84 90 44 80 92 52 94 73 70 21 39 18 19 53 7 74 28 2 76 44 11 88 33 56 81 8 92 36 13 85 2 9 42 98 26 54 26 30 96 83 0 54 29 76 58 20 10 61 100 4 23 73 96 92 10 74 39 59 29 97 10 36 6 18 48
82 87 78 7 71 66 35 46 44 87 51 13 48 78 10 72 8 67 82 80 66 65 17 42 3 20 48 72 71 94 100 75 70 47 12 73 14 62 36 41 69 34 78 35 51 72 77 74 25 68 27 74 80 49 80 80 23 63 74 6 13 25 9 36 27 81 79 4 29 25 11 21 71 67 85 20 35 58 61 12 11 31 40 50 31 1 40 12 75 87 85 49 46 91 92 45 1 3 40 51
46 41 56 38 13 12 32 6 60 40 57 18 24 35 70 48 72 40 67 80 52 91 0 49 0 85 22 44 67 62 86 1 50 46 51 93 32 7 93 74 28 19 33 8 98 7 46 18 25 12 79 84 5 48 67 16 90 53 51 10 76 65 28 46 97 76 31 60 27 43 60 85 96 46 22 88 80 46 31 54 82 2 99 89 15 86 61 6 3 12 99 38 3 49 96 52 37 40 86 88
11 71 22 88 65 53 57 49 21 15 93 65 100 88 98 21 68 5 82 46 73 3 87 34 67 69 97 41 29 29 1 55 15 60 19 71 32 54 23 63 40 45 39 98 83 27 85 10 37 16 38 1 53 69 26 37 25 52 81 3 32 1 100 55 83 96 13 28 72 99 60 45 48 0 87 86 33 21 0 56 95 81 20 35 54 37 24 50 70 9 65 7 93 71 92 4 13 53 90 33
14 83 72 1 21 38 72 69 23 68 7 42 50 14 54 85 61 26 15 11 16 12 41 77 21 83 78 50 9 33 58 45 41 1 49 51 86 61 48 56 98 39 50 35 82 76 18 96 99 55 14 58 1 40 19 28 19 78 14 68 65 65 26 22 49 72 90 94 93 93 96 16 16 39 44 71 86 29 17 89 63 98 53 17 31 57 97 54 77 33 52 1 15 81 20 84 56 71 29 81
47 80 64 21 65 90 70 95 91 83 75 30 96 2 10 67 70 33 50 30 11 32 6 51 57 4 4 10 30 33 69 30 23 7 6 2 55 94 71 99 98 42 74 39 96 99 5 19 8 65 68 82 98 4 85 95 99 49 27 48 1 24 40 93 71 18 97 58 53 0 71 7 74 41 21 19 59 58 42 92 21 60 31 56 14 68 12 15 88 17 78 95 64 59 94 67 9 78 96 90
29 32 66 23 50 12 4 10 92 10 68 70 85 45 38 7 64 26 84 70 25 60 22 51 77 23 10 27 42 82 39 23 7 1 8 87 22 62 96 71 84 6 29 29 58 79 71 75 68 10 33 35 29 71 45 86 84 56 13 89 18 42 66 37 24 55 70 65 69 90 88 76 51 94 29 66 38 39 53 59 6 17 10 35 39 21 13 95 8 90 35 92 33 19 78 83 28 50 50 29
89 14 3 22 73 95 55 100 77 61 13 38 99 74 56 48 16 98 26 21 40 1 36 7 54 52 41 67 67 14 85 16 82 88 38 56 47 82 82 67 35 46 58 88 36 20 31 43 55 10 72 11 94 10 91 51 11 41 6 80 12 22 57 75 38 42 1 69 1 36 99 38 39 36 1 5 80 59 32 35 55 34 35 44 49 88 88 45 61 84 11 68 13 37 97 34 0 95 82 99
68 65 4 35 38 46 24 10 35 87 54 56 43 100 20 14 31 21 82 1 2 53 75 89 0 88 16 31 19 41 55 61 50 16 19 2 82 9 96 77 18 17 100 64 55 57 62 60 45 71 93 60 60 68 52 28 13 21 66 48 8 47 40 5 21 60 71 91 62 93 81 91 53 28 82 72 95 87 59 48 89 1 84 31 96 17 50 18 92 69 79 17 2 69 11 29 35 22 3 42
25 50 74 7 34 74 43 79 44 83 48 62 74 79 74 34 16 20 88 12 22 92 57 4 9 5 77 58 77 68 22 40 67 78 8 13 2 67 60 8 19 88 67 5 38 58 79 67 7 20 33 79 5 51 74 32 9 57 48 7 58 85 57 56 9 46 56 55 52 57 91 55 17 25 24 54 32 11 47 18 14 88 82 38 49 58 22 6 63 14 17 45 76 37 94 29 20 44 26 47
90 23 77 45 82 30 59 78 12 20 50 78 85 84 89 95 77 19 84 70 19 80 59 61 61 33 75 17 44 36 96 62 74 21 37 11 71 69 8 48 46 94 53 92 27 14 21 37 69 78 24 48 57 85 80 33 68 36 12 33 41 65 94 53 40 70 78 76 55 97 33 28 22 31 16 99 29 64 65 63 52 2 41 7 76 30 77 55 16 30 89 43 13 31 48 49 11 10 43 60
3 1 92 78 84 87 75 85 80 7 11 7 65 61 8 16 88 11 77 15 94 22 77 19 9 76 7 65 4 60 28 26 98 88 78 6 14 53 50 100 30 50 69 2 39 80 57 97 9 14 44 66 92 87 52 9 46 58 81 40 91 69 84 21 3 63 90 11 41 27 7 13 45 79 40 68 97 74 23 49 39 55 25 6 65 7 86 22 100 25 53 33 4 70 46 61 87 84 100 84
1 72 71 48 65 46 3 10 2 71 21 73 59 2 64 86 31 0 33 48 47 26 96 59 91 83 16 97 68 4 31 36 40 42 86 40 38 1 5 79 10 92 86 98 85 12 61 56 85 99 98 35 49 55 22 51 7 43 37 63 46 100 62 68 100 49 61 94 90 100 34 58 82 15 65 28 93 46 5 70 92 24 97 98 34 88 60 80 27 77 16 57 37 8 36 11 37 42 89 60
4 32 26 75 78 58 58 40 50 84 60 83 85 77 96 26 92 83 31 47 59 71 73 82 29 11 49 98 34 50 55 11 74 93 84 54 61 55 55 3 80 89 95 40 38 90 86 9 83 91 72 25 52 61 49 94 82 23 77 79 18 48 85 51 29 88 95 70 46 75 27 56 93 73 35 13 63 94 68 72 42 92 43 51 65 17 82 6 62 68 8 54 48 98 37 66 16 38 75 69
36 54 18 61 56 54 56 77 66 62 38 67 29 72 1 85 45 29 29 79 55 51 46 98 60 100 85 92 60 59 96 27 72 26 63 82 30 98 75 61 99 41 6 15 39 99 35 69 83 72 44 45 70 100 16 77 77 37 91 22 92 27 38 77 26 41 62 41 9 46 28 35 17 22 90 56 98 80 44 4 30 50 67 48 58 4 76 91 44 21 63 97 78 53 89 58 48 71 58 69
38 26 94 72 44 1 78 31 77 50 8 58 98 12 67 16 2 98 7 43 88 54 94 48 100 29 81 22 30 18 64 10 71 24 14 68 60 49 22 1 33 55 64 39 41 12 82 85 24 87 64 2 51 37 61 19 10 4 27 7 8 42 48 33 6 29 73 84 2 26 6 25 18 97 4 68 78 25 81 76 92 78 82 96 69 55 57 76 21 6 70 7 83 77 47 5 60 24 16 77
39 15 36 47 71 81 2 62 36 70 44 13 87 27 0 30 5 62 65 53 73 79 5 19 10 75 47 79 85 33 53 68 4 74 47 93 3 38 97 32 39 8 75 6 79 49 42 88 76 88 51 89 36 82 89 65 6 81 33 71 10 11 48 79 10 29 78 70 98 59 4 6 96 58 88 66 3 93 76 81 87 78 55 35 28 35 48 12 86 91 38 43 65 96 28 25 42 29 20 58
4 95 67 7 76 70 26 36 73 89 86 54 94 58 48 59 34 88 42 34 74 17 79 26 45 96 14 53 49 7 72 67 10 68 84 45 59 68 68 62 54 32 2 48 76 23 94 51 68 11 10 45 29 64 99 12 0 40 24 70 19 53 87 41 4 12 43 6 98 10 63 9 54 94 95 50 25 97 17 30 1 94 19 75 36 50 14 52 55 90 97 40 50 12 43 67 31 47 7 63
91 57 71 33 100 16 31 35 66 51 48 56 65 21 74 36 93 17 61 1 47 2 60 49 43 73 71 73 69 35 89 27 61 56 65 69 99 14 98 84 5 17 38 86 6 37 82 77 29 2 48 48 89 96 40 51 41 24 57 73 67 68 70 19 84 56 85 24 47 22 10 45 94 29 91 60 99 27 67 23 83 73 27 59 16 10 24 44 55 57 99 64 10 90 18 15 76 86 60 100
37 50 43 69 100 3 32 70 45 43 1 84 63 67 46 53 69 70 10 19 73 8 97 24 84 18 24 40 18 41 96 48 51 81 61 75 40 23 29 92 9 42 19 12 19 38 61 24 16 69 44 3 19 74 47 65 61 44 99 7 63 46 90 17 55 74 46 85 15 80 10 30 82 39 86 73 27 65 33 41 29 3 32 50 44 24 5 96 47 69 36 58 58 41 64 67 28 30 25 69
4 6 52 72 90 3 69 97 63 99 7 95 48 80 35 91 4 88 74 65 11 87 47 28 65 49 13 96 79 21 17 7 35 26 64 38 100 95 31 55 43 66 96 43 16 40 59 8 31 17 45 63 93 57 48 89 82 56 87 1 63 75 63 22 68 16 10 0 7 77 7 6 97 65 25 2 26 32 22 39 66 41 45 79 4 69 74 8 24 52 67 88 54 60 7 24 6 87 83 66
16 38 60 3 48 74 92 26 82 92 95 40 85 31 53 12 57 73 22 19 18 35 78 67 13 32 59 61 37 26 11 62 43 70 77 30 9 40 96 26 96 80 90 88 74 70 29 20 93 45 25 9 14 49 2 54 92 22 65 44 36 97 33 37 86 10 88 23 52 90 72 27 82 83 44 57 61 4 37 69 64 29 54 85 38 22 68 77 17 18 87 75 89 32 44 55 67 58 88 33
98 20 12 57 10 67 87 77 74 38 88 34 95 98 53 87 56 17 58 30 63 88 82 19 5 92 33 62 19 57 3 56 59 77 72 91 29 70 91 65 13 36 84 21 10 75 12 41 35 22 32 4 83 11 68 60 100 15 42 22 33 3 23 57 36 84 44 67 24 50 87 59 89 27 30 85 94 14 80 20 27 78 88 84 66 54 79 13 73 96 61 43 16 68 83 72 90 52 24 48
