3 35 19 97 86 80 38 33 27 93 56 52 69 93 28 27 85 39 56 98 67 70 74 65 12 42 40 42 40 71 79 19 83 89 32 98 95 12 49 52 36 45 68 24 7 52 56 74 28 48 26 91 90 84 77 51 23 30 71 17 85 30 86 42 74 76 60 43 41 19 73 78 74 28 3 59 46 40 73 73 85 28 29 69 40 51 3 55 56 2 88 96 6 80 54 66 51 63 98 59
14 12 30 62 25 29 42 14 15 79 31 21 23 95 84 76 82 99 72 11 21 37 91 4 80 60 69 83 92 55 9 40 31 81 88 19 11 95 23 43 60 13 25 34 73 17 63 17 74 70 82 74 99 13 80 86 2 68 81 43 28 8 46 26 14 31 15 63 20 51 48 73 72 74 10 33 62 78 61 35 1 88 76 84 81 0 44 55 69 31 1 53 8 47 100 39 5 62 27 78
20 53 84 30 89 91 6 76 62 75 46 29 25 42 1 49 48 32 95 61 93 88 41 35 22 82 42 80 89 6 17 73 16 7 42 7 22 35 27 0 32 23 64 24 57 18 68 42 62 53 10 66 11 35 73 45 17 98 13 52 26 36 54 67 9 58 27 44 29 80 70 74 8 25 94 68 2 83 37 26 70 96 22 42 93 23 91 12 100 43 73 74 82 96 35 18 43 31 46 15
32 57 70 94 83 89 79 83 54 38 99 46 85 7 93 19 42 34 92 70 82 62 78 92 61 80 5 35 91 52 66 43 6 65 100 84 95 32 69 69 1 52 30 47 61 15 57 92 6 57 6 35 81 82 41 51 19 2 87 17 94 35 34 15 12 90 33 14 21 17 60 5 15 57 50 85 27 88 24 69 20 87 92 84 62 84 80 94 9 50 13 50 8 88 99 41 92 97 39 62
6 58 88 60 40 99 38 38 48 49 87 17 66 48 43 35 10 52 18 42 18 5 91 56 84 31 24 4 70 86 44 70 55 89 37 10 8 54 80 61 18 42 6 25 68 7 41 94 38 56 93 11 22 16 19 92 98 50 92 20 33 97 33 6 35 29 7 56 76 1 100 90 47 82 80 78 80 41 41 43 64 11 44 17 65 17 84 80 77 37 100 100 84 26 82 54 98 52 29 73
25 15 99 91 55 56 35 6 62 12 88 65 53 77 34 23 15 56 97 8 80 90 92 54 86 62 25 56 92 6 92 10 69 89 47 23 28 34 95 14 26 27 45 16 21 90 70 8 13 94 61 70 87 62 37 23 17 52 67 15 65 89 96 30 88 66 89 0 39 60 95 95 92 40 25 7 9 26 16 88 74 19 86 33 85 58 33 43 72 95 1 54 14 52 14 31 53 99 82 93
93 52 42 97 92 73 5 51 73 89 25 40 84 28 65 58 29 21 75 100 37 78 61 85 40 38 63 88 89 59 71 50 55 40 16 12 71 8 73 85 71 88 65 44 61 95 39 97 89 88 33 18 59 17 73 4 44 58 84 75 53 69 57 88 26 54 91 59 30 59 10 73 34 69 31 1 91 52 63 39 62 16 99 28 53 4 40 95 56 17 75 16 32 26 86 22 99 74 71 15
1 25 5 3 15 84 96 55 13 2 23 16 17 93 79 93 13 65 82 93 89 32 51 58 50 25 53 26 43 54 27 11 1 90 91 15 48 94 42 17 48 19 26 63 49 71 70 85 43 17 98 88 52 8 79 10 93 68 78 0 21 85 68 49 70 65 2 0 52 0 26 69 72 7 30 42 40 21 92 41 93 44 62 77 89 100 15 5 34 11 72 61 28 4 46 30 12 36 50 46
90 81 77 49 39 96 37 64 87 17 99 1 83 38 5 56 26 19 15 9 74 90 17 87 28 87 16 87 6 62 75 33 64 92 11 0 74 45 2 64 33 0 48 42 44 4 53 70 87 44 14 26 31 78 99 97 89 61 57 43 8 51 27 73 87 14 53 20 31 25 53 29 17 49 40 30 25 1 70 48 27 27 21 67 2 43 27 73 55 69 20 23 49 45 33 33 39 71 7 66
51 94 37 61 98 29 7 51 56 28 67 26 70 66 6 93 67 20 13 39 66 90 40 93 52 72 82 22 2 47 59 94 2 63 31 37 78 97 11 70 90 6 52 27 43 8 34 96 68 40 71 71 34 27 19 76 60 85 35 53 74 20 53 76 85 54 24 21 9 57 22 83 22 49 31 92 60 52 93 32 4 80 41 60 92 71 37 31 80 86 11 33 10 35 1 22 26 63 14 58
13 46 24 3 41 58 62 91 7 64 13 24 64 82 82 47 24 72 89 56 56 89 15 67 94 28 68 29 5 93 18 87 79 50 61 24 81 29 10 70 23 5 90 58 9 99 92 81 73 99 86 61 79 81 41 49 90 93 89 99 1 70 67 52 8 18 93 85 80 50 62 33 52 76 9 26 65 20 33 66 74 33 76 39 94 23 27 45 67 44 56 1 48 73 58 90 52 38 72 68
71 30 65 67 49 6 33 60 90 20 27 5 38 99 11 69 35 53 69 6 75 25 86 17 52 27 16 35 12 83 80 68 91 93 27 35 86 47 15 12 40 82 69 77 6 97 22 77 4 100 67 63 15 19 21 25 24 23 61 56 92 34 20 38 98 53 38 31 66 43 48 69 9 51 12 48 32 44 22 57 7 2 72 62 25 34 76 68 92 98 4 98 3 92 3 89 27 60 17 39
31 54 58 98 2 47 87 80 37 66 20 73 100 29 34 77 33 93 0 21 28 13 35 50 81 20 95 38 70 24 100 93 23 65 53 29 0 74 3 22 4 45 55 5 33 9 85 76 69 20 2 6 12 56 62 59 13 73 25 15 41 92 77 41 4 73 94 53 24 100 64 81 62 39 57 22 67 77 2 86 6 35 84 93 28 88 10 36 71 74 12 86 24 45 51 64 65 53 34 14
5 79 22 30 92 52 82 55 10 79 47 78 95 33 92 43 26 73 100 56 53 74 50 68 97 63 91 61 55 59 61 67 63 36 3 65 52 8 74 7 15 55 6 100 42 42 31 80 52 40 1 30 43 67 93 58 7 45 17 97 20 94 2 22 78 23 7 6 36 16 59 90 98 46 24 26 50 81 81 6 79 29 46 61 99 85 10 24 19 7 40 81 45 88 76 89 0 60 89 64
37 87 46 83 3 51 10 46 70 93 37 98 87 100 95 80 18 84 21 49 13 59 53 33 77 36 99 43 67 1 67 32 93 78 12 76 60 84 86 11 64 83 59 71 72 21 49 57 75 76 77 0 51 50 93 60 78 17 30 62 63 46 22 70 15 100 90 6 21 52 90 36 44 56 10 35 11 30 45 65 36 53 60 56 59 18 84 47 63 31 58 86 29 36 19 4 86 28 3 69
12 20 0 32 58 52 40 67 82 20 53 89 54 93 59 12 65 10 88 23 21 87 36 56 39 72 8 30 45 31 52 87 87 35 54 14 39 73 60 51 7 23 42 46 4 68 52 45 37 46 96 5 56 65 80 86 88 17 76 48 13 64 4 54 97 46 88 89 13 75 42 53 27 61 57 70 0 98 97 97 44 82 65 70 57 35 30 57 90 13 48 62 45 34 35 77 73 12 82 39
22 18 63 81 41 40 65 75 15 13 8 0 48 58 10 42 50 67 48 53 88 33 22 90 73 96 78 35 18 25 82 31 34 6 19 70 97 98 92 61 12 0 84 50 48 17 78 65 46 48 27 45 50 83 20 64 39 74 33 97 52 86 15 74 74 11 83 23 21 86 28 59 15 53 93 97 56 76 91 14 62 37 42 98 10 41 60 39 53 66 92 90 99 10 72 64 67 29 70 77
50 98 75 13 39 6 14 75 43 91 41 91 87 98 22 39 51 96 62 73 28 20 28 53 77 79 68 37 38 67 16 66 4 19 18 5 33 14 82 58 85 40 69 58 10 12 23 96 63 99 51 67 38 90 46 38 77 22 70 56 71 96 61 48 17 5 21 9 62 44 12 41 52 66 46 25 57 48 71 45 47 97 29 74 56 21 77 82 25 60 45 90 86 74 27 71 44 85 34 22
64 17 42 87 62 98 24 10 66 42 90 57 66 43 3 33 62 97 83 44 30 10 39 6 95 26 2 59 86 13 66 18 0 25 9 69 20 84 38 16 62 8 12 85 88 44 56 67 2 7 49 27 79 85 58 29 4 42 22 84 69 80 62 66 2 9 99 3 40 71 78 98 88 17 29 31 23 55 26 53 97 31 87 50 39 7 0 55 90 9 63 52 89 5 25 60 66 36 73 13
73 42 17 30 21 51 89 12 63 26 11 25 20 54 39 54 8 66 87 19 16 92 53 98 27 89 33 38 93 27 2 16 84 13 64 4 16 94 84 36 28 35 66 91 62 7 24 28 67 81 22 39 54 36 89 29 83 44 96 25 20 37 46 60 11 47 57 74 34 87 62 63 78 32 0 6 60 13 77 54 30 5 82 5 75 71 32 63 18 3 96 92 76 23 97 53 59 3 82 46
55 41 17 39 51 77 28 72 29 75 92 62 14 70 24 46 85 76 44 100 61 66 51 21 14 87 21 92 58 57 27 90 2 22 18 72 6 97 8 89 1 61 0 65 41 96 30 77 22 43 35 1 21 68 46 6 25 40 8 36 90 14 43 61 82 69 15 45 68 79 2 51 1 20 18 98 89 88 53 42 79 37 11 19 87 4 93 55 74 73 34 33 34 46 9 35 21 4 45 94
78 62 16 13 90 2 33 88 13 0 26 93 5 76 74 55 42 20 13 74 90 80 89 66 17 3 82 45 52 38 78 75 96 98 79 40 17 11 25 34 25 41 53 13 20 94 32 62 45 73 91 84 52 8 32 100 4 38 44 7 27 52 32 12 1 46 96 44 31 18 22 71 81 12 17 12 76 13 92 41 33 87 90 58 32 72 10 78 58 22 69 68 79 49 7 91 22 84 5 78
62 93 9 8 35 53 91 74 25 18 30 65 100 65 78 100 55 56 43 69 18 52 31 68 26 39 29 18 99 44 23 50 25 62 60 45 14 46 97 98 30 66 4 37 75 10 82 22 49 93 27 28 98 75 54 14 23 68 20 55 56 33 67 98 43 3 14 55 39 39 7 100 67 69 56 10 35 25 16 69 77 62 4 41 34 86 40 56 85 33 89 65 86 34 71 94 71 10 59 57
93 3 58 79 76 22 86 57 25 81 44 22 50 21 51 68 48 9 31 34 13 33 96 15 22 1 81 82 43 30 86 53 43 14 63 37 14 61 46 87 18 85 90 6 6 34 33 38 65 8 87 99 5 13 86 28 43 66 100 21 47 52 31 20 81 70 96 82 14 95 61 71 6 57 29 22 69 39 77 50 4 88 86 99 15 58 18 32 72 75 0 41 89 58 74 70 13 20 41 27
30 62 70 9 63 61 12 47 31 60 26 99 66 57 93 92 92 92 86 38 8 27 89 55 13 29 77 89 59 74 45 1 20 66 53 19 8 67 38 33 61 13 21 1 52 65 59 49 75 77 94 93 18 61 21 25 73 69 53 32 61 40 56 46 30 56 45 79 58 94 38 54 96 11 42 3 58 50 68 83 15 11 43 85 27 63 51 26 89 40 90 86 93 91 89 82 95 36 25 43
83 99 32 94 72 30 26 31 28 58 92 15 44 3 93 49 13 21 97 63 12 80 100 5 38 63 88 52 57 31 15 40 62 50 27 36 14 47 55 30 3 15 44 66 48 72 51 16 76 17 15 82 58 33 59 36 9 20 49 67 18 62 80 71 54 57 81 89 30 93 89 44 74 70 16 2 90 41 86 36 89 60 41 45 2 81 69 99 84 32 40 23 82 60 68 50 84 22 93 46
5 76 6 94 63 94 0 34 38 22 93 82 4 87 29 28 9 17 63 92 32 80 23 21 8 68 78 3 14 81 29 47 37 22 73 33 82 30 74 74 98 24 60 34 38 1 16 30 61 25 52 45 97 59 91 66 19 98 32 62 59 74 45 50 28 56 66 48 42 30 40 74 52 47 85 17 59 11 20 57 19 31 65 13 65 8 48 30 6 33 34 86 86 50 14 34 50 61 89 46
25 84 9 17 36 75 53 32 53 10 4 2 52 6 64 21 23 42 9 75 37 40 41 92 80 8 23 65 71 65 12 31 40 36 3 52 43 27 24 54 96 56 0 74 84 34 9 58 76 71 33 44 8 19 27 0 32 49 13 26 29 59 42 87 40 82 28 94 8 51 70 38 8 3 83 2 40 82 84 94 45 43 36 59 67 17 59 48 53 10 48 98 95 82 26 88 72 75 99 28
26 77 45 19 68 46 2 99 29 55 49 60 79 43 57 38 89 84 67 49 96 37 72 72 51 78 5 43 8 23 19 96 85 78 30 19 53 29 34 84 53 100 74 45 14 81 35 34 94 31 89 60 9 93 41 71 88 78 39 2 85 47 3 11 85 77 95 35 58 90 96 95 28 1 25 33 62 39 79 46 93 19 67 75 18 62 75 66 32 43 38 92 12 77 10 87 41 73 16 31
78 73 1 96 87 51 96 100 99 71 10 67 16 20 33 30 59 33 96 39 38 93 56 74 74 75 70 4 63 14 69 40 59 28 9 82 19 38 84 79 27 18 57 62 81 99 10 73 67 58 60 97 13 94 9 41 53 11 85 38 0 13 42 94 52 75 42 31 4 41 22 34 91 30 97 90 39 51 24 54 68 7 32 82 100 75 54 56 59 58 11 82 67 50 2 88 64 59 50 25
92 42 6 29 45 94 4 8 0 27 60 6 23 92 22 76 62 73 2 81 33 26 62 71 20 21 53 54 76 62 58 35 7 77 13 0 6 57 63 65 76 57 66 29 73 55 48 61 99 30 63 81 29 19 31 88 39 90 29 15 60 92 59 72 34 53 90 41 88 65 100 52 42 72 68 92 60 65 50 88 51 62 72 59 0 12 16 95 64 87 76 61 58 71 10 21 22 94 43 70
28 80 18 76 4 31 78 73 80 2 70 79 26 0 83 15 99 0 45 26 22 93 28 98 11 96 45 33 26 16 8 23 79 59 79 78 33 8 93 65 96 70 71 45 74 40 65 15 61 99 68 81 68 89 21 55 23 7 87 30 85 55 68 48 32 80 28 78 99 3 19 74 87 35 54 90 24 88 62 32 43 49 24 39 16 82 24 64 45 15 2 45 8 83 8 12 75 60 90 46
45 20 91 99 8 83 44 82 85 99 15 85 17 3 86 92 80 1 76 79 77 13 19 95 30 19 36 99 91 38 40 88 19 80 10 100 87 83 28 42 75 90 10 37 70 64 37 14 10 63 60 76 36 6 6 25 64 61 97 49 81 21 29 91 22 44 58 21 15 49 16 12 73 66 89 6 23 97 39 77 11 45 79 58 94 42 69 65 12 100 34 6 62 24 0 95 94 4 9 51
9 52 34 29 24 4 40 37 46 5 64 52 98 67 53 40 30 50 86 9 49 9 31 21 73 83 32 53 77 76 92 66 62 11 42 96 93 95 78 33 79 66 27 65 94 52 77 2 24 35 69 97 82 6 7 18 45 73 85 16 11 90 6 10 34 10 10 8 0 48 90 42 11 69 15 31 41 95 34 96 83 89 29 65 48 27 38 91 84 39 79 23 14 68 0 75 1 96 70 97
28 10 90 27 44 91 19 81 2 90 73 47 60 40 20 89 9 21 65 19 82 86 50 44 53 77 32 47 27 3 3 81 24 20 99 7 82 86 4 73 90 15 14 39 70 4 11 63 12 74 100 13 59 55 69 4 93 52 90 79 12 99 67 78 59 38 89 28 56 16 81 31 54 68 81 7 38 20 13 88 40 20 28 97 1 29 65 8 55 17 36 14 83 34 55 2 35 40 28 99
40 34 52 41 72 27 96 35 47 44 7 44 44 45 25 36 10 88 41 83 70 62 13 55 93 64 23 9 59 79 35 99 42 27 12 86 12 65 29 88 42 77 80 19 0 87 44 19 70 2 20 84 65 41 59 0 72 56 8 82 19 78 85 47 31 6 1 32 45 31 19 38 93 53 98 71 40 44 26 63 99 31 46 52 46 75 28 33 65 87 5 49 90 15 73 76 11 8 3 81
18 64 51 12 39 90 41 41 54 0 3 54 1 12 86 13 51 18 39 6 41 82 44 46 59 41 90 49 48 63 100 74 59 28 34 30 44 72 86 24 43 5 78 42 67 51 39 71 99 4 17 34 51 93 4 3 70 14 77 84 80 84 64 30 94 84 61 72 44 46 29 100 69 32 6 55 35 34 79 23 99 12 0 61 52 98 75 68 97 82 94 70 40 55 4 71 64 58 2 29
72 26 7 57 56 36 98 70 11 44 56 36 61 73 69 15 73 50 45 69 17 62 6 30 14 51 10 18 8 75 44 91 70 14 15 5 70 62 72 56 53 100 63 7 74 87 27 37 80 90 72 37 81 97 53 19 76 8 16 18 20 52 16 88 40 64 41 57 70 85 13 11 62 50 8 40 4 55 53 11 22 0 18 34 64 91 8 46 80 59 11 11 99 26 27 87 38 77 100 7
2 94 67 54 25 71 81 97 94 30 20 49 25 69 56 34 1 97 95 77 87 46 2 49 26 52 18 83 59 6 99 98 59 24 96 94 16 10 28 35 90 8 26 66 12 85 82 50 55 61 35 86 68 12 31 95 19 8 82 49 51 16 32 14 40 14 39 67 15 97 32 16 91 47 3 57 25 41 11 12 18 26 55 14 31 22 54 97 54 30 10 78 66 57 31 29 21 32 33 58
91 5 43 77 51 49 94 69 89 16 30 45 20 3 12 96 98 77 22 9 19 90 37 24 69 42 74 47 54 57 94 1 45 0 21 66 76 79 92 19 87 22 5 87 75 42 12 67 53 71 39 74 72 60 11 44 47 37 26 88 71 23 53 76 35 78 71 5 47 29 14 77 53 62 1 81 53 44 96 2 13 83 16 20 9 13 33 0 86 69 47 48 22 70 58 59 95 31 21 65
51 64 13 74 26 3 96 20 27 49 14 94 22 32 8 54 24 23 4 0 35 45 34 65 31 63 51 96 44 58 4 13 12 72 86 86 100 39 90 39 2 44 58 60 52 41 48 22 12 81 99 50 15 51 6 25 29 59 44 55 84 5 14 57 70 56 97 42 65 1 70 51 53 39 4 43 75 88 2 45 29 66 55 22 28 2 88 25 54 59 26 98 58 21 43 0 62 55 89 74
96 70 34 17 7 56 88 94 48 41 94 46 28 78 56 86 43 22 73 23 77 51 9 88 30 46 68 68 89 98 27 48 96 93 97 28 21 67 77 35 6 65 21 10 61 29 94 48 75 66 63 47 25 60 15 76 98 81 17 36 100 92 17 54 93 77 7 39 51 49 28 79 88 76 13 88 82 95 37 24 70 25 8 48 29 39 96 9 62 34 7 34 95 88 46 78 59 66 35 100
22 72 48 42 73 97 54 89 25 58 49 69 38 62 6 15 26 55 61 11 14 85 24 26 58 28 1 30 86 22 7 1 70 40 1 53 97 20 65 12 80 77 33 78 26 50 56 42 64 77 80 4 75 3 32 84 51 49 41 95 35 3 16 77 34 22 37 78 59 76 89 8 12 18 24 77 26 100 16 99 12 67 39 14 61 24 31 48 17 62 59 27 34 60 14 61 66 89 47 67
11 24 37 94 2 87 89 85 90 47 83 92 3 34 67 54 43 42 66 67 35 54 67 45 65 58 43 5 62 1 50 42 55 52 39 13 26 48 88 100 61 41 19 29 91 55 54 35 76 91 6 92 99 11 26 70 23 8 65 39 71 75 28 53 33 57 60 31 85 83 46 21 47 1 45 96 37 24 81 48 2 32 15 31 32 48 32 100 6 40 66 52 38 9 0 53 41 9 61 7
65 79 76 20 32 19 60 15 70 12 13 95 72 69 99 87 0 26 84 67 64 80 43 46 0 88 61 49 64 1 36 1 36 97 19 50 97 75 15 77 18 56 71 2 99 2 46 30 72 2 34 95 89 94 51 96 83 75 17 57 3 80 72 22 21 34 8 35 46 39 51 56 67 64 15 62 87 36 28 45 56 95 24 61 73 89 13 87 57 51 1 52 38 27 45 93 100 75 57 12
70 59 27 67 0 60 7 72 41 38 26 17 51 57 98 14 49 60 77 54 34 28 44 71 61 3 44 8 71 36 43 36 83 6 13 57 28 6 7 67 22 59 36 85 29 24 27 8 42 9 63 97 79 66 72 13 48 60 9 100 53 75 8 99 27 9 14 13 94 79 63 55 73 81 29 65 89 94 20 81 21 14 61 24 30 91 92 86 18 42 94 14 40 60 83 15 55 1 63 54
35 66 29 90 22 56 1 51 88 25 18 15 0 58 63 47 92 18 13 72 80 14 21 65 84 76 27 67 19 90 23 45 82 42 94 43 47 70 15 18 91 95 15 65 90 8 51 89 46 19 3 55 11 27 15 81 6 28 98 26 55 58 43 58 68 0 76 56 0 60 14 3 97 50 59 53 48 37 100 68 4 72 46 37 52 7 72 98 70 73 39 18 42 40 96 49 35 98 38 13
69 57 19 28 15 71 11 40 7 90 40 63 86 21 51 42 60 22 4 65 0 47 53 95 30 0 4 95 80 57 15 37 21 96 89 20 86 6 5 90 91 95 26 16 93 72 40 59 23 67 77 65 100 35 61 97 15 84 52 5 71 23 45 32 74 15 50 35 83 50 15 85 15 49 71 4 77 8 75 49 14 74 46 61 82 75 70 7 61 45 15 81 20 11 55 75 90 74 55 32
1 36 7 18 32 43 5 69 76 20 86 23 96 56 70 8 89 81 9 89 28 61 80 33 45 21 23 96 58 93 37 84 88 78 55 38 61 82 62 25 65 57 66 75 89 2 89 77 77 56 60 19 5 30 39 92 30 81 39 61 96 19 93 49 27 10 49 78 28 96 98 4 44 12 42 90 57 37 91 69 79 53 63 76 87 32 14 33 54 32 20 91 25 12 41 0 4 42 50 34
79 26 35 58 80 16 64 21 18 53 84 61 16 52 24 54 78 14 76 80 42 85 50 41 3 40 52 86 38 40 43 90 60 21 51 36 4 68 4 55 46 57 94 70 52 14 73 8 19 62 66 80 47 76 55 15 90 19 0 76 95 14 17 57 73 67 89 23 68 58 2 34 73 61 100 27 12 38 39 35 88 68 14 32 40 73 91 85 86 89 79 1 12 29 85 58 74 55 11 61
54 75 34 94 53 76 63 7 68 4 56 5 88 75 49 98 8 55 49 40 54 18 80 20 85 68 92 3 40 90 34 11 37 39 46 83 17 81 32 77 80 25 55 27 5 73 2 60 29 96 90 49 88 73 80 38 14 88 8 33 78 25 71 66 54 54 11 87 89 66 2 37 61 39 38 92 89 17 37 54 56 21 88 31 40 58 16 26 82 28 17 20 39 85 89 23 16 45 50 33
72 4 89 60 24 52 62 5 76 76 91 49 13 71 50 93 89 66 27 32 60 59 17 14 76 64 67 100 46 87 85 88 40 25 97 58 43 88 90 17 60 3 28 11 60 53 78 91 32 59 96 76 100 95 84 62 100 37 9 84 72 63 35 53 87 60 59 74 77 92 48 8 18 63 42 28 100 99 51 11 20 60 43 16 52 45 75 45 5 29 96 25 4 18 51 14 50 67 88 67
0 7 89 41 76 51 16 49 40 54 92 66 39 84 52 41 62 68 8 30 50 76 3 83 6 19 48 11 98 50 62 98 77 73 49 67 5 93 74 6 13 38 58 30 78 83 56 15 38 88 42 53 12 60 46 45 26 54 54 0 97 4 54 95 61 91 25 63 71 27 86 34 77 92 81 32 61 1 3 84 13 76 99 13 35 70 81 69 0 74 2 92 18 48 34 78 44 88 80 42
26 47 91 99 11 7 97 57 92 83 94 95 73 32 62 3 32 51 96 15 67 96 5 25 47 18 12 48 17 66 50 5 65 38 61 21 64 74 43 39 79 28 67 61 11 19 10 82 62 71 63 33 14 90 97 0 38 94 33 2 99 76 3 95 38 37 81 87 19 12 24 13 55 32 93 8 90 96 50 80 2 2 7 94 80 16 64 90 7 49 36 71 92 56 55 55 3 60 87 61
77 72 88 19 17 37 60 96 60 0 54 47 61 25 78 8 43 47 82 97 10 8 36 46 51 35 93 18 93 56 27 96 87 43 15 84 86 97 19 65 62 96 88 49 84 31 98 33 59 68 63 6 17 28 67 19 70 80 95 53 62 79 29 70 73 49 20 32 68 96 99 43 100 1 65 94 56 47 70 75 87 24 39 27 25 42 48 54 22 80 36 40 82 17 61 21 28 72 39 38
1 17 19 39 82 62 75 51 77 71 73 51 2 87 41 42 70 70 2 66 21 63 67 36 46 2 45 27 88 43 28 87 86 60 31 55 98 86 55 54 49 100 71 71 90 10 5 25 48 9 88 46 48 34 81 54 73 42 36 47 21 8 92 68 57 60 31 44 60 88 65 35 100 45 64 16 79 79 92 25 39 93 43 78 11 68 80 15 49 3 13 32 19 13 6 48 55 60 96 31
97 81 43 0 52 58 78 89 28 45 22 6 74 95 23 40 59 91 24 36 38 34 32 89 48 83 73 86 35 92 63 94 18 78 11 89 89 41 90 27 27 78 28 90 10 11 84 41 7 46 12 41 98 66 76 80 100 88 25 59 15 40 12 90 99 34 58 90 0 40 24 6 39 50 40 33 12 69 79 74 33 8 22 80 4 86 76 13 37 53 72 6 42 21 62 94 26 65 12 0
80 51 65 13 29 21 80 83 15 80 32 84 85 25 14 42 1 27 55 95 37 84 17 58 43 3 67 12 65 9 23 47 17 4 45 100 64 58 52 87 16 59 5 28 83 73 71 58 15 12 44 73 84 89 74 7 93 12 12 40 95 44 9 21 91 37 55 5 33 33 15 5 85 62 99 11 6 62 53 48 49 33 1 72 99 68 55 22 47 67 6 93 71 53 6 21 40 56 17 33
5 46 87 91 67 19 80 29 52 14 95 67 98 39 26 95 20 27 69 29 3 6 95 75 19 5 53 60 98 68 2 81 8 95 84 9 84 48 81 31 85 78 41 14 73 79 14 88 4 8 59 82 78 87 89 9 21 91 59 40 21 48 26 10 89 62 55 99 91 92 72 41 44 82 94 3 10 31 77 29 79 93 56 36 33 49 60 77 62 83 100 59 21 51 74 69 42 91 59 41
58 69 91 11 66 60 87 56 71 96 81 77 90 45 74 47 25 36 66 35 72 57 99 29 19 93 0 67 34 29 96 36 78 38 99 45 81 82 94 49 88 1 52 72 56 57 97 62 85 1 14 72 21 82 43 73 4 80 92 7 58 15 98 51 14 68 16 43 93 82 3 32 31 37 69 47 10 16 64 94 5 34 16 79 2 91 62 21 20 75 90 5 74 90 38 38 36 7 36 99
10 8 19 57 80 84 65 46 30 52 0 83 48 82 63 65 60 11 9 32 77 51 28 24 97 80 6 17 13 77 51 99 89 41 95 87 61 81 100 17 67 95 28 18 6 7 64 73 26 48 88 14 68 61 84 100 57 71 20 45 61 48 11 16 64 26 34 81 31 23 18 43 79 33 78 24 10 51 14 63 87 89 41 68 71 66 31 91 61 82 47 3 1 47 75 96 67 39 89 51
32 18 79 91 47 67 96 15 69 88 60 14 35 22 62 66 25 57 50 11 19 87 12 49 64 39 35 55 20 99 72 43 74 50 80 4 47 6 27 63 64 77 8 50 85 71 93 36 73 31 46 38 95 0 88 58 43 33 79 81 9 82 91 40 67 26 92 21 80 51 6 72 97 40 33 12 24 21 93 22 77 9 84 51 62 68 62 57 98 54 89 70 14 5 36 16 29 92 16 61
51 32 10 9 33 11 34 5 32 92 27 31 30 44 46 93 20 29 63 7 80 99 20 32 36 51 58 15 24 11 1 39 80 92 88 82 97 12 96 81 71 28 42 93 92 95 34 38 81 10 40 86 65 76 58 73 77 55 48 94 73 28 81 78 39 20 18 72 97 79 59 53 81 24 93 95 97 74 5 89 12 74 84 49 60 48 23 35 84 97 37 58 55 35 53 50 36 95 83 88
59 28 42 23 79 20 18 88 52 98 81 61 50 93 43 8 52 90 78 32 85 82 1 31 98 90 61 51 63 49 46 91 14 5 49 35 11 49 89 7 73 60 28 64 2 51 57 19 4 35 65 72 4 37 12 30 50 84 77 29 24 51 59 25 35 4 83 39 15 27 51 40 90 93 41 21 17 46 60 47 6 98 9 18 97 78 7 14 98 81 18 4 89 100 50 25 81 79 13 83
18 10 1 19 48 28 45 89 65 27 82 62 81 63 88 11 80 48 90 38 5 29 78 54 84 56 98 84 26 64 38 87 23 78 74 69 44 93 90 64 75 86 60 67 30 86 33 55 89 56 35 45 47 26 91 99 69 75 49 42 42 23 22 2 44 83 96 8 26 26 54 25 14 74 74 24 21 69 59 83 57 80 14 58 90 52 89 11 47 98 84 74 24 91 71 52 10 50 80 22
45 44 9 7 2 13 59 54 38 90 55 44 92 72 16 67 53 53 18 40 99 53 70 2 1 38 11 13 30 80 99 46 62 70 54 18 84 9 38 0 63 22 56 11 87 80 34 15 2 2 74 41 92 100 51 66 41 83 85 30 26 59 44 20 11 74 40 91 24 97 63 4 17 66 6 56 15 91 53 18 13 89 83 49 91 55 48 94 66 90 29 5 49 48 75 88 33 61 40 35
82 100 84 68 24 61 89 83 80 57 70 1 47 41 19 28 60 84 85 25 8 37 10 64 45 19 41 56 79 92 27 9 39 20 17 10 88 5 56 6 62 5 62 30 86 38 65 46 37 36 25 77 29 45 72 40 64 54 1 35 38 71 82 28 72 12 22 73 0 30 33 14 68 71 34 11 25 40 8 12 49 34 28 39 8 25 6 10 55 38 97 53 52 45 11 68 88 19 82 92
30 61 3 91 82 55 50 5 7 32 87 13 39 61 29 6 44 68 83 77 33 76 96 61 83 78 66 50 32 1 5 23 32 54 23 97 83 51 21 30 81 46 16 64 49 15 48 81 77 55 38 42 30 76 69 92 12 40 36 68 45 61 15 3 78 57 41 56 24 14 28 31 58 41 45 88 35 60 99 74 22 62 70 36 40 91 26 78 24 10 26 95 21 39 75 8 30 91 39 81
45 5 72 48 28 22 91 5 52 92 37 70 56 7 89 28 69 74 63 62 47 74 12 47 90 44 99 94 25 82 79 65 50 20 38 75 50 38 77 16 58 18 35 59 31 98 36 40 33 74 87 45 99 86 34 61 47 65 7 17 90 68 28 84 38 9 18 85 34 52 54 100 82 25 97 67 68 45 71 64 68 100 93 67 19 21 59 82 0 30 40 44 53 58 36 34 71 21 5 34
87 83 96 79 46 19 27 46 12 72 10 70 77 33 75 51 38 89 87 3 35 32 40 27 47 90 51 50 76 88 26 13 64 38 12 89 86 25 64 6 38 44 73 88 34 16 5 59 5 17 36 0 28 11 44 66 60 8 95 57 49 60 55 61 35 53 86 5 45 48 25 57 67 80 92 98 11 89 42 78 75 0 75 16 71 9 56 79 65 6 60 36 23 11 8 90 8 26 60 4
80 73 22 93 15 91 91 4 2 51 77 87 84 71 1 57 76 58 91 71 34 34 97 80 88 88 61 12 18 3 37 68 7 8 42 94 93 98 94 34 46 15 21 100 50 43 38 87 55 81 98 73 82 19 68 5 67 58 98 76 70 7 83 17 6 7 49 20 63 90 76 74 1 55 65 98 52 70 18 22 65 52 29 88 93 65 99 73 26 0 7 74 41 76 63 73 50 9 46 83
83 18 5 57 74 72 98 34 22 1 75 54 41 67 45 85 25 81 80 89 77 69 24 79 10 52 42 45 14 1 5 70 9 33 21 51 39 89 11 67 81 47 99 9 85 80 54 27 75 21 74 16 35 85 49 7 31 45 18 97 99 84 50 29 73 10 23 95 63 47 40 55 71 15 76 61 40 77 90 45 33 60 54 70 80 98 70 78 44 77 64 15 73 74 14 92 33 61 26 2
75 6 22 32 87 23 73 11 44 45 44 75 31 79 99 52 58 21 94 32 56 19 7 65 38 99 44 55 73 42 39 54 56 78 77 70 61 23 39 43 50 7 97 8 12 75 40 71 76 7 7 33 63 12 76 15 27 30 96 32 72 91 83 36 70 1 0 45 73 78 66 84 18 4 90 60 7 36 94 8 26 37 61 31 40 100 8 46 35 88 46 64 38 75 50 50 78 82 35 71
18 58 83 20 60 62 82 89 68 64 2 62 82 69 11 80 28 91 82 40 76 76 73 12 18 80 36 61 45 60 21 7 33 31 76 81 75 29 75 28 91 33 49 40 24 19 92 33 43 53 12 61 82 98 34 33 26 60 53 94 90 49 100 11 71 26 41 40 52 73 89 78 68 20 96 31 96 31 83 8 70 59 93 55 46 50 21 47 31 72 68 52 33 2 55 18 100 37 29 90
84 35 53 56 71 78 64 19 52 51 4 87 83 51 13 22 36 67 32 35 52 60 93 4 39 53 29 57 54 53 5 22 48 33 39 20 85 88 62 85 73 55 52 49 67 44 16 84 41 56 85 46 96 100 2 90 88 20 71 85 42 26 52 33 37 64 64 8 1 85 79 32 95 5 22 38 21 17 89 99 81 36 91 18 31 6 29 28 84 51 57 15 68 98 78 74 53 34 67 81
93 9 77 71 70 30 75 45 89 56 62 53 76 51 95 77 57 28 21 39 68 81 51 46 60 62 97 59 91 72 97 45 36 72 21 17 39 20 69 19 45 87 75 48 83 79 78 37 66 70 3 3 42 50 87 18 39 4 11 31 17 58 68 27 82 98 18 36 20 75 42 81 80 70 20 28 70 92 15 86 6 55 19 41 100 97 100 60 99 71 9 44 56 63 29 92 35 62 99 4
75 52 55 45 1 59 57 81 17 22 35 35 65 97 80 83 24 65 17 12 9 68 28 96 70 55 3 51 27 0 17 97 82 19 29 74 46 39 74 30 9 69 26 64 80 93 46 73 90 30 24 46 13 16 7 66 73 58 42 81 86 2 21 18 93 76 37 27 82 38 48 54 1 19 84 93 45 19 93 10 9 52 72 26 50 94 0 33 22 53 31 89 87 17 70 100 85 60 86 41
42 8 50 24 47 55 56 51 98 63 58 75 99 38 4 51 23 42 32 94 54 8 14 77 3 54 54 75 100 27 48 54 93 73 41 47 30 38 7 22 91 74 75 92 6 0 2 80 7 28 88 27 36 43 3 84 85 83 13 2 26 6 20 55 4 4 10 21 67 69 1 5 90 90 83 12 36 81 8 48 9 60 54 75 51 93 30 74 8 6 96 33 79 67 95 74 20 4 50 78
99 47 32 5 97 75 52 4 38 43 4 90 22 78 85 7 59 11 44 72 46 89 33 21 81 66 82 39 77 49 12 22 59 30 31 38 99 77 24 81 79 91 57 97 64 87 0 19 65 93 45 90 97 89 42 7 6 31 88 45 3 5 96 29 14 65 58 0 12 17 14 78 68 51 79 60 87 90 53 9 15 78 23 99 89 75 2 3 86 56 83 11 14 31 53 48 93 76 81 27
30 72 5 14 17 19 94 60 99 89 11 33 87 70 9 54 2 85 97 65 35 58 93 41 26 63 22 46 79 7 87 73 47 4 5 0 5 46 37 48 72 16 64 11 50 5 33 10 98 84 65 25 17 96 47 74 52 86 93 20 94 41 58 65 45 0 47 74 59 39 23 50 90 3 42 13 96 87 1 48 14 60 25 98 32 92 51 7 60 80 60 52 64 57 62 48 28 71 19 53
9 58 78 0 61 0 95 64 29 91 23 87 28 59 47 13 23 44 28 32 13 12 67 60 46 43 20 56 26 93 84 41 61 68 11 3 25 28 82 86 26 80 98 75 36 43 61 90 29 29 79 58 1 77 19 32 35 85 61 92 94 54 6 59 76 52 33 16 44 26 47 3 73 91 22 30 29 32 6 65 99 74 14 85 0 14 15 34 31 94 86 17 38 19 44 56 56 7 60 88
92 25 44 0 13 100 42 71 43 35 19 62 92 13 93 25 23 24 7 70 49 43 19 29 98 46 81 35 62 3 1 72 8 88 23 79 54 49 31 86 34 72 25 28 24 97 49 17 2 43 14 94 65 96 0 71 14 15 12 20 34 3 98 40 81 29 43 3 2 43 7 90 31 16 54 99 72 47 88 68 35 20 78 89 11 45 65 10 52 14 18 2 58 86 72 51 77 65 58 85
22 7 23 74 50 49 34 31 93 6 52 71 43 68 49 30 52 94 96 23 50 10 20 44 31 10 76 72 33 47 44 75 38 51 79 70 39 71 78 45 82 91 44 75 13 66 78 94 71 80 2 7 27 13 44 40 46 7 37 17 29 2 54 2 98 57 47 82 25 42 3 69 37 74 81 89 5 13 30 44 32 76 8 7 98 66 23 10 31 38 25 19 97 53 97 26 25 100 95 18
28 48 51 88 95 100 58 40 15 56 100 74 38 69 64 90 66 14 53 18 27 27 28 26 37 79 60 8 30 55 78 30 88 75 30 24 93 47 32 51 68 64 64 36 58 2 92 27 73 16 12 78 74 78 2 9 86 87 25 37 56 39 84 1 19 98 25 36 72 55 99 62 53 8 89 19 37 72 55 63 28 73 51 16 12 9 87 20 76 86 53 9 62 79 65 99 29 46 9 73
87 3 60 19 58 40 60 15 0 27 2 56 20 56 53 50 6 69 33 12 14 0 86 56 94 46 85 6 23 55 88 75 61 40 71 93 62 55 23 39 96 32 74 69 9 52 96 79 77 41 25 17 39 64 56 52 53 13 40 55 33 14 94 71 6 90 71 90 42 7 78 58 82 75 15 26 51 31 22 81 69 13 61 75 34 50 69 16 87 75 61 14 100 72 72 53 56 58 72 48
64 52 70 59 52 35 21 78 66 41 49 92 1 94 63 40 100 75 36 53 30 2 24 38 76 6 57 88 87 31 69 95 42 56 16 66 93 49 77 49 68 82 12 6 63 100 64 10 39 69 28 93 82 80 19 22 23 71 98 50 8 19 17 45 6 0 31 66 1 23 10 29 9 78 10 98 40 88 49 88 71 44 75 35 31 0 6 79 72 64 36 22 24 41 92 98 2 2 89 15
82 34 66 18 43 63 67 64 32 77 99 44 94 35 25 52 81 2 38 44 8 14 46 20 31 60 50 84 61 62 82 60 47 10 20 49 93 67 17 22 59 9 47 58 82 22 92 55 39 64 91 14 4 71 59 56 13 1 74 92 10 37 47 89 52 83 63 69 47 45 94 9 41 65 12 67 96 40 87 6 93 26 23 52 37 66 84 18 42 65 44 98 32 45 62 53 98 49 60 73
26 44 1 22 33 90 77 23 31 40 17 34 74 85 12 78 74 56 15 13 21 57 95 83 30 0 49 71 69 73 31 29 47 48 6 73 92 3 28 73 65 44 8 9 33 35 56 31 81 23 41 87 57 3 89 0 75 59 76 18 70 9 64 95 4 24 39 82 9 58 37 91 69 33 58 27 27 24 32 71 19 80 3 91 78 93 53 42 45 72 53 73 22 99 29 51 59 32 44 3
75 17 41 86 2 73 92 13 84 7 51 27 56 15 77 59 70 65 86 48 50 55 15 88 26 84 19 90 42 68 68 62 67 70 57 4 6 35 43 26 8 41 33 85 17 21 81 13 35 79 7 35 5 77 22 34 59 94 84 37 96 32 17 26 62 97 83 54 12 39 54 57 89 99 81 48 22 32 87 23 68 82 82 14 30 8 70 0 78 4 17 32 79 6 86 46 61 35 28 100
22 54 36 14 56 62 18 46 60 8 46 82 90 5 72 81 12 41 30 90 15 25 83 92 85 97 39 66 100 57 84 82 42 70 3 57 31 33 44 28 66 51 89 78 94 23 31 63 1 94 39 44 46 7 60 87 74 68 97 79 48 30 84 76 35 80 100 8 96 27 53 44 41 44 98 99 97 88 86 17 31 23 69 12 92 2 83 20 89 69 60 5 30 88 99 67 7 71 27 23
83 89 76 76 91 1 95 52 62 100 11 43 41 80 6 64 96 30 74 38 11 7 16 64 24 61 33 34 13 11 79 37 54 25 48 31 27 37 13 22 12 85 67 6 78 63 32 99 79 36 47 67 27 48 81 71 34 11 54 37 0 55 23 67 11 49 56 77 50 65 8 89 81 88 22 91 23 67 13 23 73 47 43 49 72 5 15 30 79 37 87 62 32 11 2 45 74 11 79 95
26 87 57 56 49 63 74 30 23 15 7 25 36 87 10 44 22 69 2 55 1 40 29 46 18 98 57 49 19 83 4 70 16 12 76 36 13 53 59 86 47 27 43 85 74 68 45 94 40 99 70 32 98 41 54 86 32 30 46 28 71 25 93 95 72 78 13 89 63 21 74 57 42 41 29 39 59 0 45 83 47 84 1 74 41 53 93 64 54 16 90 58 39 26 91 45 83 12 95 54
36 87 37 84 74 84 84 50 34 23 85 54 69 84 75 13 76 65 48 74 8 63 5 46 35 81 13 51 20 70 1 24 1 40 73 24 3 0 34 98 74 33 3 20 50 71 46 64 91 56 66 54 2 23 29 26 94 1 68 7 29 46 75 0 48 21 11 45 15 68 66 39 7 87 45 79 53 42 60 67 30 94 100 70 19 21 29 78 72 44 48 99 14 38 31 70 57 37 43 67
39 51 22 7 10 12 13 14 72 97 65 89 6 29 29 83 74 35 97 92 80 38 97 31 1 10 83 37 63 83 54 61 2 78 35 78 20 27 97 15 12 15 61 55 26 95 56 7 11 58 50 95 15 7 6 16 42 99 86 99 46 68 28 37 41 80 6 52 28 86 67 68 60 66 17 18 8 67 65 10 96 72 68 36 51 77 26 46 55 93 50 57 33 62 15 60 82 22 99 10
2 44 20 27 0 86 24 36 88 55 30 27 92 67 35 59 91 25 83 94 90 30 32 81 7 56 70 28 2 41 69 7 82 9 71 42 26 9 35 77 22 77 96 63 66 0 13 35 34 50 72 39 6 77 69 13 94 75 56 1 48 70 84 61 51 57 60 97 67 29 23 90 86 39 49 86 18 23 57 71 3 85 35 96 44 87 16 65 68 21 84 16 0 23 16 22 27 39 59 93
97 0 60 45 85 83 97 42 58 77 96 88 20 31 13 9 7 44 40 13 99 29 37 50 68 70 57 76 87 56 34 49 61 61 37 42 29 97 29 76 71 35 18 42 99 28 14 68 56 55 77 57 1 64 13 92 28 89 10 68 54 43 57 92 61 36 22 84 61 58 14 70 61 5 25 96 48 75 9 16 4 78 4 80 62 21 43 98 61 34 36 36 58 80 62 27 62 24 51 71
38 66 85 70 86 97 85 75 33 49 21 22 61 40 6 85 33 91 54 24 82 34 26 55 45 92 67 80 32 84 40 23 68 64 80 70 71 49 100 64 61 36 94 59 53 45 73 3 1 9 49 56 73 43 64 92 49 37 30 82 49 86 0 67 58 45 36 85 24 61 34 67 42 43 16 72 0 73 79 81 87 90 85 14 11 9 62 51 54 76 39 69 66 60 41 95 50 13 81 71
46 73 64 9 58 96 50 48 98 29 98 50 57 27 64 100 7 79 18 99 45 52 50 13 7 86 96 7 1 50 9 50 57 4 81 63 100 64 74 50 95 78 34 55 19 44 88 80 52 42 17 26 19 44 71 17 50 6 86 2 29 11 20 27 99 80 90 31 21 12 43 23 48 24 99 27 17 18 49 90 8 81 67 92 33 80 99 51 15 25 51 99 33 46 42 57 5 70 41 23
52 53 56 3 0 53 59 97 83 24 77 96 28 64 38 40 66 61 2 69 25 82 34 45 63 63 74 3 28 65 94 82 3 66 17 42 98 94 0 25 4 9 90 91 9 42 17 14 80 40 67 41 13 19 61 6 37 54 27 98 39 62 13 69 7 88 78 80 89 46 60 32 32 13 83 20 4 96 14 34 95 28 63 36 88 99 98 25 53 70 42 48 61 34 42 81 82 7 65 44
16 58 65 27 85 30 55 17 9 33 7 73 98 60 34 23 66 67 33 3 5 23 65 67 30 5 0 45 27 25 32 5 86 47 61 25 13 99 21 73 25 36 93 82 19 41 96 49 81 19 63 66 43 10 9 63 11 86 69 47 80 32 68 88 60 42 80 78 64 55 95 47 42 0 31 27 15 28 66 64 98 71 9 17 63 66 61 9 94 30 96 13 19 74 99 76 77 87 82 75
